0.000000 0.000000 0.166667 0.000000 
0.333333 0.000000 0.166667 0.333333 
0.666667 0.500000 0.000000 0.333333 
0.666667 0.666667 0.500000 0.000000 

0.055556 0.555556 -0.500000
0.277778 0.388889 -0.111111
0.500000 0.277778 0.222222
(3,2,3)	(3,1,3)	(2,1,3)	(3,0,3)	(2,0,3)	(1,0,3)	(3,3,2)	(2,2,2)	(1,1,2)	(0,0,2)	
0.000000 0.333333 0.666667 0.500000 
0.333333 0.000000 0.833333 0.500000 
0.000000 0.000000 0.000000 0.166667 
0.000000 0.166667 0.500000 0.000000 

0.500000 0.111111 0.388889
0.555556 0.166667 0.388889
0.055556 0.666667 -0.611111
(3,2,3)	(1,3,3)	(1,2,3)	(0,3,3)	(0,2,3)	(0,1,1)	(1,0,1)	(3,3,2)	(2,2,2)	(1,1,2)	(0,0,2)	
0.000000 0.500000 0.500000 0.833333 
0.166667 0.000000 0.500000 0.500000 
0.000000 0.000000 0.000000 0.500000 
0.000000 0.166667 0.333333 0.000000 

0.611111 0.055556 0.555556
0.388889 0.222222 0.166667
0.166667 0.444444 -0.277778
(2,3,3)	(1,3,3)	(1,2,3)	(0,3,3)	(0,2,3)	(0,1,3)	(3,3,2)	(2,2,2)	(1,1,2)	(0,0,2)	
0.000000 0.333333 0.500000 0.333333 
0.500000 0.000000 0.333333 0.333333 
0.333333 0.166667 0.000000 0.166667 
0.333333 0.333333 0.166667 0.000000 

0.388889 0.388889 0.000000
0.388889 0.277778 0.111111
0.222222 0.333333 -0.111111
(3,2,3)	(1,3,3)	(1,2,3)	(3,0,1)	(0,3,1)	(2,0,1)	(0,2,1)	(3,3,2)	(2,2,2)	(1,1,2)	(0,0,2)	
0.000000 0.000000 0.000000 0.000000 
0.500000 0.000000 0.000000 0.166667 
1.000000 0.500000 0.000000 0.333333 
0.666667 0.333333 0.166667 0.000000 

0.000000 0.722222 -0.722222
0.222222 0.277778 -0.055556
0.611111 0.055556 0.555556
(2,3,3)	(3,1,3)	(2,1,3)	(3,0,3)	(2,0,3)	(1,0,3)	(3,3,2)	(2,2,2)	(1,1,2)	(0,0,2)	
0.000000 0.500000 0.666667 0.666667 
0.333333 0.000000 0.666667 0.666667 
0.000000 0.000000 0.000000 0.333333 
0.000000 0.000000 0.166667 0.000000 

0.611111 0.111111 0.500000
0.555556 0.166667 0.388889
0.111111 0.500000 -0.388889
(2,3,3)	(1,3,3)	(1,2,3)	(0,3,3)	(0,2,3)	(0,1,3)	(3,3,2)	(2,2,2)	(1,1,2)	(0,0,2)	
